No	GenomicLocus	uniqID	rsID	chr	pos	p	nSNPs	nGWASSNPs
1	1	1:37200680:A:G	rs11576073	1	37200680	4.81958e-08	14	13
2	2	1:72557858:A:G	rs2821254	1	72557858	2.75417e-07	31	31
3	2	1:72816147:A:G	rs2815748	1	72816147	4.05871e-09	110	107
4	3	1:87959583:T:TA	rs35508473	1	87959583	2.33208e-07	62	62
5	4	1:192414643:C:T	rs16834287	1	192414643	4.63942e-07	5	4
6	5	1:227142699:A:G	rs34653494	1	227142699	8.09607e-07	137	136
7	6	2:15458651:C:G	rs6731789	2	15458651	8.80016e-07	96	95
8	7	2:57813173:C:T	rs10175979	2	57813173	2.80452e-07	3	3
9	8	2:212717215:A:G	rs1439253	2	212717215	5.44485e-07	5	5
10	9	3:11237539:C:G	rs10470636	3	11237539	1.64808e-07	3	3
11	9	3:11299651:A:C	rs429454	3	11299651	7.10278e-07	15	13
12	10	4:49088326:A:C	rs549224715	4	49088326	4.14222e-07	2	2
13	11	4:52919648:A:T	rs35746702	4	52919648	2.30951e-07	12	12
14	12	4:183149313:A:G	rs2597158	4	183149313	8.18157e-07	10	10
15	13	5:103917837:C:T	rs1363103	5	103917837	6.49594e-07	6	4
16	13	5:103936343:A:T	rs254035	5	103936343	1.70816e-07	173	156
17	13	5:104037760:A:G	rs12055234	5	104037760	8.41273e-07	36	34
18	14	5:145069715:C:T	rs1560685	5	145069715	4.27491e-07	269	265
19	15	6:29017743:A:AT	6:29017743_AT_A	6	29017743	6.52856e-07	322	317
20	15	6:29598869:C:T	rs29242	6	29598869	1.97041e-07	55	55
21	16	7:119642351:A:AGTGATTCTC	rs113991577	7	119642351	6.96521e-07	52	44
22	17	7:140665521:C:G	rs10265001	7	140665521	3.89758e-07	67	65
23	18	7:150957429:C:T	rs17173769	7	150957429	4.02257e-08	1	1
24	19	8:92479701:A:G	rs1505219	8	92479701	8.64347e-07	63	53
25	19	8:92736335:A:G	rs12675694	8	92736335	2.16503e-07	164	137
26	20	10:18288491:T:TCAGAA	10:18288491_TCAGAA_T	10	18288491	9.955e-08	27	27
27	21	11:31812582:C:T	rs2071754	11	31812582	3.32574e-08	16	16
28	21	11:31841125:G:T	rs1806155	11	31841125	6.76471e-07	34	34
29	22	11:39786447:C:T	rs10734474	11	39786447	2.38074e-07	284	279
30	23	11:61557803:C:T	rs102275	11	61557803	9.29639e-09	63	63
31	24	11:88838984:A:G	rs10830209	11	88838984	7.77774e-07	150	140
32	24	11:88935088:C:T	rs12285584	11	88935088	6.34309e-07	3	3
33	25	12:61314962:C:T	rs117515934	12	61314962	2.35151e-07	4	4
34	26	13:66501198:A:G	rs9564291	13	66501198	4.36571e-07	3	3
35	26	13:67412175:C:T	rs75597593	13	67412175	8.83757e-07	4	4
36	27	15:74096786:G:GA	15:74096786_GA_G	15	74096786	5.47839e-07	40	40
37	28	16:12563592:A:G	rs9933698	16	12563592	8.68152e-07	22	22
38	29	18:50733400:T:TTC	rs757449308	18	50733400	5.67078e-09	210	203
39	30	18:52809681:C:G	rs729053	18	52809681	7.66094e-07	31	31
40	30	18:53109202:C:T	rs10503002	18	53109202	3.32443e-08	7	6
41	30	18:53123172:A:G	rs732779	18	53123172	3.31858e-08	29	26
