No	GenomicLocus	uniqID	rsID	chr	pos	p	nSNPs	nGWASSNPs
1	1	1:27207092:A:G	rs6680053	1	27207092	3.9153e-06	20	20
2	2	2:22091239:C:T	rs1607581	2	22091239	3.08641e-07	105	101
3	2	2:22162315:A:G	rs329780	2	22162315	2.46791e-06	1	1
4	3	2:55168119:C:T	rs10166518	2	55168119	4.26945e-06	12	5
5	3	2:55242456:C:T	rs72795440	2	55242456	1.90813e-08	38	32
6	3	2:55283878:G:T	rs1822616	2	55283878	1.33841e-06	53	49
7	4	2:78591258:A:AAT	2:78591258_AAT_A	2	78591258	7.6274e-07	15	15
8	5	2:117060301:C:T	rs62153835	2	117060301	3.04234e-06	217	212
9	6	2:158860293:A:G	rs758279	2	158860293	8.98756e-07	15	15
10	7	2:171091961:C:T	rs116526743	2	171091961	1.34481e-06	1	1
11	8	3:138966102:C:CT	3:138966102_CT_C	3	138966102	1.51202e-06	9	9
12	9	4:41448957:A:G	rs7679031	4	41448957	1.44544e-06	48	43
13	10	5:77322441:C:T	rs1552647	5	77322441	1.82126e-06	81	81
14	10	5:77465999:C:G	rs12197946	5	77465999	1.00702e-06	188	184
15	11	5:92505549:C:T	rs7720062	5	92505549	3.93646e-06	77	77
16	12	6:26173478:G:T	rs34661691	6	26173478	4.99313e-07	11	11
17	12	6:26408472:C:CATAT	rs146863150	6	26408472	1.03334e-06	343	335
18	12	6:27782538:A:T	rs401754	6	27782538	1.72063e-08	391	383
19	12	6:28299687:C:T	rs853676	6	28299687	1.40759e-06	374	365
20	12	6:28712247:A:G	rs1233578	6	28712247	3.62502e-06	181	178
21	12	6:28796460:A:T	rs3132379	6	28796460	2.14273e-06	241	238
22	12	6:29453219:C:T	rs1233494	6	29453219	5.27431e-09	287	280
23	13	6:64842960:G:T	rs3013169	6	64842960	4.01731e-06	120	118
24	14	6:67076998:C:T	rs9360203	6	67076998	3.11465e-06	40	40
25	15	7:24606957:C:T	rs2711122	7	24606957	4.73133e-07	71	53
26	15	7:24891093:A:G	rs17150305	7	24891093	2.85123e-06	1	1
27	16	7:95645322:C:T	rs2237590	7	95645322	4.58032e-06	10	10
28	17	8:83850743:C:T	rs77808587	8	83850743	1.61475e-06	3	3
29	18	11:22126623:A:G	rs143646822	11	22126623	2.92974e-06	7	7
30	19	12:122225453:C:T	rs12314801	12	122225453	4.50403e-06	47	45
31	20	13:24613808:G:T	rs139484354	13	24613808	9.49812e-07	2	1
32	21	13:54102206:A:G	rs12429545	13	54102206	6.90499e-07	14	14
33	22	13:59065365:C:T	rs9597734	13	59065365	2.67621e-06	61	61
34	23	13:80918117:G:T	rs524278	13	80918117	4.43505e-08	7	6
35	24	16:12979719:C:T	rs72782613	16	12979719	9.5157e-07	19	19
36	25	17:31794358:C:G	rs1504570	17	31794358	4.61996e-06	13	13
37	26	17:37281157:C:T	rs144106149	17	37281157	3.19421e-07	3	3
38	27	18:50350050:A:G	rs1835711	18	50350050	1.91865e-06	64	63
39	27	18:50909504:G:T	rs76579371	18	50909504	2.61504e-06	36	36
40	27	18:51185144:C:T	rs79982827	18	51185144	9.2396e-07	1	1
41	28	19:33948968:C:T	rs144012467	19	33948968	2.08069e-06	102	101
42	29	20:61736840:A:G	rs77440124	20	61736840	9.48234e-07	2	2
43	29	20:61738974:C:T	rs6090244	20	61738974	2.64653e-06	8	5
44	29	20:61756553:C:T	rs6062817	20	61756553	6.57949e-07	3	3
45	29	20:61763189:A:G	rs4809495	20	61763189	6.21732e-07	2	2
46	29	20:61780144:A:G	rs62207368	20	61780144	1.78383e-07	1	1
